(kicad_pcb (version 20171130) (host pcbnew "(5.0.1-3-g963ef8bb5)")

  (general
    (thickness 1.6)
    (drawings 32)
    (tracks 495)
    (zones 0)
    (modules 45)
    (nets 30)
  )

  (page A4)
  (layers
    (0 F.Cu mixed)
    (31 B.Cu mixed)
    (32 B.Adhes user hide)
    (33 F.Adhes user hide)
    (34 B.Paste user hide)
    (35 F.Paste user hide)
    (36 B.SilkS user hide)
    (37 F.SilkS user hide)
    (38 B.Mask user hide)
    (39 F.Mask user hide)
    (40 Dwgs.User user hide)
    (41 Cmts.User user hide)
    (42 Eco1.User user hide)
    (43 Eco2.User user hide)
    (44 Edge.Cuts user)
    (45 Margin user hide)
    (46 B.CrtYd user hide)
    (47 F.CrtYd user hide)
    (48 B.Fab user hide)
    (49 F.Fab user hide)
  )

  (setup
    (last_trace_width 0.25)
    (user_trace_width 0.2)
    (user_trace_width 0.3)
    (trace_clearance 0.15)
    (zone_clearance 0.2)
    (zone_45_only no)
    (trace_min 0.15)
    (segment_width 0.2)
    (edge_width 0.15)
    (via_size 0.6)
    (via_drill 0.3)
    (via_min_size 0.6)
    (via_min_drill 0.3)
    (uvia_size 0.3)
    (uvia_drill 0.1)
    (uvias_allowed no)
    (uvia_min_size 0.2)
    (uvia_min_drill 0.1)
    (pcb_text_width 0.3)
    (pcb_text_size 1.5 1.5)
    (mod_edge_width 0.15)
    (mod_text_size 0.5 0.5)
    (mod_text_width 0.125)
    (pad_size 0.65 4.6)
    (pad_drill 0)
    (pad_to_mask_clearance 0.15)
    (solder_mask_min_width 0.25)
    (aux_axis_origin 0 0)
    (grid_origin 145.91 69.15)
    (visible_elements 7FFFFF7F)
    (pcbplotparams
      (layerselection 0x010fc_ffffffff)
      (usegerberextensions true)
      (usegerberattributes false)
      (usegerberadvancedattributes false)
      (creategerberjobfile true)
      (excludeedgelayer true)
      (linewidth 0.100000)
      (plotframeref false)
      (viasonmask false)
      (mode 1)
      (useauxorigin false)
      (hpglpennumber 1)
      (hpglpenspeed 20)
      (hpglpendiameter 15.000000)
      (psnegative false)
      (psa4output false)
      (plotreference true)
      (plotvalue true)
      (plotinvisibletext false)
      (padsonsilk false)
      (subtractmaskfromsilk false)
      (outputformat 1)
      (mirror false)
      (drillshape 0)
      (scaleselection 1)
      (outputdirectory "pcbway_gerbers"))
  )

  (net 0 "")
  (net 1 +3V3)
  (net 2 GNDD)
  (net 3 "Net-(C4-Pad1)")
  (net 4 CLKOUT_0)
  (net 5 CLKIN_0)
  (net 6 "Net-(C11-Pad1)")
  (net 7 CLKOUT_1)
  (net 8 CLKIN_1)
  (net 9 VN_0)
  (net 10 VN_1)
  (net 11 I1P_0)
  (net 12 I1N_0)
  (net 13 I1P_1)
  (net 14 I1N_1)
  (net 15 GND_CPU)
  (net 16 3V3_CPU)
  (net 17 I1N_1_IN)
  (net 18 I1P_1_IN)
  (net 19 I1N_0_IN)
  (net 20 I1P_0_IN)
  (net 21 VP_1)
  (net 22 VP_0)
  (net 23 CS_0)
  (net 24 SCLK_M)
  (net 25 MISO_M)
  (net 26 MOSI_M)
  (net 27 CS_1)
  (net 28 GND_M)
  (net 29 3V3_M)

  (net_class Default "This is the default net class."
    (clearance 0.15)
    (trace_width 0.25)
    (via_dia 0.6)
    (via_drill 0.3)
    (uvia_dia 0.3)
    (uvia_drill 0.1)
    (add_net +3V3)
    (add_net 3V3_CPU)
    (add_net 3V3_M)
    (add_net CLKIN_0)
    (add_net CLKIN_1)
    (add_net CLKOUT_0)
    (add_net CLKOUT_1)
    (add_net CS_0)
    (add_net CS_1)
    (add_net GNDD)
    (add_net GND_CPU)
    (add_net GND_M)
    (add_net I1N_0)
    (add_net I1N_0_IN)
    (add_net I1N_1)
    (add_net I1N_1_IN)
    (add_net I1P_0)
    (add_net I1P_0_IN)
    (add_net I1P_1)
    (add_net I1P_1_IN)
    (add_net MISO_M)
    (add_net MOSI_M)
    (add_net "Net-(C11-Pad1)")
    (add_net "Net-(C4-Pad1)")
    (add_net SCLK_M)
    (add_net VN_0)
    (add_net VN_1)
    (add_net VP_0)
    (add_net VP_1)
  )

  (net_class Power_CPU ""
    (clearance 0.4)
    (trace_width 0.4)
    (via_dia 0.6)
    (via_drill 0.3)
    (uvia_dia 0.3)
    (uvia_drill 0.1)
  )

  (net_class Power_ISO ""
    (clearance 0.2)
    (trace_width 0.3)
    (via_dia 0.6)
    (via_drill 0.3)
    (uvia_dia 0.3)
    (uvia_drill 0.1)
  )

  (module FitHome_conn:PCI-EXPRESS (layer F.Cu) (tedit 5CA7852E) (tstamp 5CA78824)
    (at 135.51 85.95)
    (path /5CA91AA9)
    (fp_text reference J1 (at 5.05 -3.31) (layer F.SilkS)
      (effects (font (size 0.5 0.5) (thickness 0.15)))
    )
    (fp_text value PCI_Express (at 16.48 -3.31) (layer F.Fab)
      (effects (font (size 0.5 0.5) (thickness 0.15)))
    )
    (fp_line (start 19.95 4.05) (end -0.95 4.05) (layer F.CrtYd) (width 0.05))
    (fp_line (start 19.95 4.05) (end 19.95 -5.45) (layer F.CrtYd) (width 0.05))
    (fp_line (start -0.95 -5.45) (end -0.95 4.05) (layer F.CrtYd) (width 0.05))
    (fp_line (start -0.95 -5.45) (end 19.95 -5.45) (layer F.CrtYd) (width 0.05))
    (fp_line (start 19.7 -2) (end 19.7 3.8) (layer F.SilkS) (width 0.12))
    (fp_line (start 12.4 -2) (end 12.4 3.8) (layer F.SilkS) (width 0.12))
    (fp_line (start 12.4 3.8) (end 19.7 3.8) (layer F.SilkS) (width 0.12))
    (fp_line (start 19.7 -2) (end 12.4 -2) (layer F.SilkS) (width 0.12))
    (fp_line (start -0.7 3.8) (end -0.7 -2) (layer F.SilkS) (width 0.12))
    (fp_line (start 10.6 3.8) (end -0.7 3.8) (layer F.SilkS) (width 0.12))
    (fp_line (start 10.6 -2) (end 10.6 3.8) (layer F.SilkS) (width 0.12))
    (fp_line (start -0.7 -2) (end 10.6 -2) (layer F.SilkS) (width 0.12))
    (fp_line (start 12.4 -5.2) (end 12.4 -2) (layer F.SilkS) (width 0.12))
    (fp_line (start 10.6 -5.2) (end 12.4 -5.2) (layer F.SilkS) (width 0.12))
    (fp_line (start 10.6 -2) (end 10.6 -5.2) (layer F.SilkS) (width 0.12))
    (pad "" connect oval (at 0.01 2.8 90) (size 0.65 0.65) (layers B.Cu B.Mask))
    (pad "" connect circle (at 18 2.8) (size 0.65 0.65) (layers F.Cu F.Mask))
    (pad "" connect oval (at 1 2.8 90) (size 0.65 0.65) (layers B.Cu B.Mask))
    (pad "" connect oval (at 19 2.8 90) (size 0.65 0.65) (layers B.Cu B.Mask))
    (pad "" connect oval (at 18 2.8 90) (size 0.65 0.65) (layers B.Cu B.Mask))
    (pad "" connect oval (at 13 2.8 90) (size 0.65 0.65) (layers B.Cu B.Mask))
    (pad "" connect oval (at 10 2.8 90) (size 0.65 0.65) (layers B.Cu B.Mask))
    (pad "" connect oval (at 17 2.8 90) (size 0.65 0.65) (layers B.Cu B.Mask))
    (pad "" connect oval (at 14 2.8 90) (size 0.65 0.65) (layers B.Cu B.Mask))
    (pad "" connect oval (at 2 2.8 90) (size 0.65 0.65) (layers B.Cu B.Mask))
    (pad "" connect oval (at 16 2.8 90) (size 0.65 0.65) (layers B.Cu B.Mask))
    (pad "" connect oval (at 15 2.8 90) (size 0.65 0.65) (layers B.Cu B.Mask))
    (pad "" connect oval (at 9 2.8 90) (size 0.65 0.65) (layers B.Cu B.Mask))
    (pad "" connect oval (at 8 2.8 90) (size 0.65 0.65) (layers B.Cu B.Mask))
    (pad "" connect oval (at 7 2.8 90) (size 0.65 0.65) (layers B.Cu B.Mask))
    (pad "" connect oval (at 6 2.8 90) (size 0.65 0.65) (layers B.Cu B.Mask))
    (pad "" connect oval (at 5 2.8 90) (size 0.65 0.65) (layers B.Cu B.Mask))
    (pad "" connect oval (at 4 2.8 90) (size 0.65 0.65) (layers B.Cu B.Mask))
    (pad "" connect oval (at 3 2.8 90) (size 0.65 0.65) (layers B.Cu B.Mask))
    (pad "" connect circle (at 1 2.8) (size 0.65 0.65) (layers F.Cu F.Mask))
    (pad "" connect circle (at 17 2.8) (size 0.65 0.65) (layers F.Cu F.Mask))
    (pad "" connect circle (at 16 2.8) (size 0.65 0.65) (layers F.Cu F.Mask))
    (pad "" connect circle (at 15 2.8) (size 0.65 0.65) (layers F.Cu F.Mask))
    (pad "" connect circle (at 14 2.8) (size 0.65 0.65) (layers F.Cu F.Mask))
    (pad "" connect circle (at 13 2.8) (size 0.65 0.65) (layers F.Cu F.Mask))
    (pad "" connect circle (at 0 2.8) (size 0.65 0.65) (layers F.Cu F.Mask))
    (pad "" connect circle (at 10 2.8) (size 0.65 0.65) (layers F.Cu F.Mask))
    (pad "" connect circle (at 9 2.8) (size 0.65 0.65) (layers F.Cu F.Mask))
    (pad "" connect circle (at 8 2.8) (size 0.65 0.65) (layers F.Cu F.Mask))
    (pad "" connect circle (at 7 2.8) (size 0.65 0.65) (layers F.Cu F.Mask))
    (pad "" connect circle (at 6 2.8) (size 0.65 0.65) (layers F.Cu F.Mask))
    (pad "" connect circle (at 5 2.8) (size 0.65 0.65) (layers F.Cu F.Mask))
    (pad "" connect circle (at 4 2.8) (size 0.65 0.65) (layers F.Cu F.Mask))
    (pad "" connect circle (at 3 2.8) (size 0.65 0.65) (layers F.Cu F.Mask))
    (pad "" connect circle (at 2 2.8) (size 0.65 0.65) (layers F.Cu F.Mask))
    (pad B13 connect rect (at 14 0.5) (size 0.65 4.6) (layers B.Cu B.Mask))
    (pad B12 connect rect (at 13 0.5) (size 0.65 4.6) (layers B.Cu B.Mask)
      (net 22 VP_0))
    (pad B18 connect rect (at 19 0.5) (size 0.65 4.6) (layers B.Cu B.Mask))
    (pad B17 connect rect (at 18 0.5) (size 0.65 4.6) (layers B.Cu B.Mask)
      (net 16 3V3_CPU))
    (pad B16 connect rect (at 17 0.5) (size 0.65 4.6) (layers B.Cu B.Mask)
      (net 15 GND_CPU))
    (pad B15 connect rect (at 16 0.5) (size 0.65 4.6) (layers B.Cu B.Mask))
    (pad B14 connect rect (at 15 0.5) (size 0.65 4.6) (layers B.Cu B.Mask))
    (pad B11 connect rect (at 10 0.5) (size 0.65 4.6) (layers B.Cu B.Mask))
    (pad B10 connect rect (at 9 0.5) (size 0.65 4.6) (layers B.Cu B.Mask))
    (pad B9 connect rect (at 8 0.5) (size 0.65 4.6) (layers B.Cu B.Mask))
    (pad B8 connect rect (at 7 0.5) (size 0.65 4.6) (layers B.Cu B.Mask))
    (pad B7 connect rect (at 6 0.5) (size 0.65 4.6) (layers B.Cu B.Mask))
    (pad B6 connect rect (at 5 0.5) (size 0.65 4.6) (layers B.Cu B.Mask)
      (net 21 VP_1))
    (pad B5 connect rect (at 4 0.5) (size 0.65 4.6) (layers B.Cu B.Mask))
    (pad B4 connect rect (at 3 0.5) (size 0.65 4.6) (layers B.Cu B.Mask)
      (net 28 GND_M))
    (pad B3 connect rect (at 2 0.5) (size 0.65 4.6) (layers B.Cu B.Mask))
    (pad B2 connect rect (at 1 0.5) (size 0.65 4.6) (layers B.Cu B.Mask)
      (net 29 3V3_M))
    (pad B1 connect rect (at 0.01 0.5) (size 0.65 4.6) (layers B.Cu B.Mask))
    (pad A13 connect rect (at 14 0.5) (size 0.65 4.6) (layers F.Cu F.Mask))
    (pad A12 connect rect (at 13 0.5) (size 0.65 4.6) (layers F.Cu F.Mask))
    (pad A18 connect rect (at 19 0.5) (size 0.65 4.6) (layers F.Cu F.Mask))
    (pad A17 connect rect (at 18 0.5) (size 0.65 4.6) (layers F.Cu F.Mask)
      (net 20 I1P_0_IN))
    (pad A16 connect rect (at 17 0.5) (size 0.65 4.6) (layers F.Cu F.Mask)
      (net 19 I1N_0_IN))
    (pad A15 connect rect (at 16 0.5) (size 0.65 4.6) (layers F.Cu F.Mask))
    (pad A14 connect rect (at 15 0.5) (size 0.65 4.6) (layers F.Cu F.Mask))
    (pad A11 connect rect (at 10 0.5) (size 0.65 4.6) (layers F.Cu F.Mask))
    (pad A10 connect rect (at 9 0.5) (size 0.65 4.6) (layers F.Cu F.Mask))
    (pad A9 connect rect (at 8 0.5) (size 0.65 4.6) (layers F.Cu F.Mask))
    (pad A8 connect rect (at 7 0.5) (size 0.65 4.6) (layers F.Cu F.Mask)
      (net 18 I1P_1_IN))
    (pad A7 connect rect (at 6 0.5) (size 0.65 4.6) (layers F.Cu F.Mask))
    (pad A6 connect rect (at 5 0.5) (size 0.65 4.6) (layers F.Cu F.Mask))
    (pad A5 connect rect (at 4 0.5) (size 0.65 4.6) (layers F.Cu F.Mask))
    (pad A4 connect rect (at 3 0.5) (size 0.65 4.6) (layers F.Cu F.Mask)
      (net 17 I1N_1_IN))
    (pad A3 connect rect (at 2 0.5) (size 0.65 4.6) (layers F.Cu F.Mask))
    (pad A2 connect rect (at 1 0.5) (size 0.65 4.6) (layers F.Cu F.Mask))
    (pad A1 connect rect (at 0 0.5) (size 0.65 4.6) (layers F.Cu F.Mask))
    (pad "" connect circle (at 19 2.8) (size 0.65 0.65) (layers F.Cu F.Mask))
  )

  (module FitHome_conn:conn_5_2.54mm (layer F.Cu) (tedit 5C96704A) (tstamp 5D046797)
    (at 140.76 56.98)
    (path /5CA11376)
    (fp_text reference J2 (at 5.08 3.81) (layer F.SilkS)
      (effects (font (size 1 1) (thickness 0.15)))
    )
    (fp_text value Conn_01x05 (at 5.08 -3.81) (layer F.Fab)
      (effects (font (size 1 1) (thickness 0.15)))
    )
    (fp_line (start -2.54 -2.54) (end 12.7 -2.54) (layer F.SilkS) (width 0.05))
    (fp_line (start 12.7 -2.54) (end 12.7 2.54) (layer F.SilkS) (width 0.05))
    (fp_line (start 12.7 2.54) (end -2.54 2.54) (layer F.SilkS) (width 0.05))
    (fp_line (start -2.54 2.54) (end -2.54 -2.54) (layer F.SilkS) (width 0.05))
    (pad 1 thru_hole circle (at 0 0) (size 2.032 2.032) (drill 1.016) (layers *.Cu *.Mask)
      (net 27 CS_1))
    (pad 2 thru_hole circle (at 2.54 0) (size 2.032 2.032) (drill 1.016) (layers *.Cu *.Mask)
      (net 26 MOSI_M))
    (pad 3 thru_hole circle (at 5.08 0) (size 2.032 2.032) (drill 1.016) (layers *.Cu *.Mask)
      (net 25 MISO_M))
    (pad 4 thru_hole circle (at 7.62 0) (size 2.032 2.032) (drill 1.016) (layers *.Cu *.Mask)
      (net 24 SCLK_M))
    (pad 5 thru_hole circle (at 10.16 0) (size 2.032 2.032) (drill 1.016) (layers *.Cu *.Mask)
      (net 23 CS_0))
  )

  (module Capacitor_SMD:C_0805_2012Metric (layer F.Cu) (tedit 5B36C52B) (tstamp 5CA17E13)
    (at 134.71 65.35)
    (descr "Capacitor SMD 0805 (2012 Metric), square (rectangular) end terminal, IPC_7351 nominal, (Body size source: https://docs.google.com/spreadsheets/d/1BsfQQcO9C6DZCsRaXUlFlo91Tg2WpOkGARC1WS5S8t0/edit?usp=sharing), generated with kicad-footprint-generator")
    (tags capacitor)
    (path /59C71D35)
    (attr smd)
    (fp_text reference C1 (at -2 0 90) (layer F.SilkS)
      (effects (font (size 0.5 0.5) (thickness 0.15)))
    )
    (fp_text value 10u (at 0 1.65) (layer F.Fab)
      (effects (font (size 0.5 0.5) (thickness 0.15)))
    )
    (fp_line (start -1 0.6) (end -1 -0.6) (layer F.Fab) (width 0.1))
    (fp_line (start -1 -0.6) (end 1 -0.6) (layer F.Fab) (width 0.1))
    (fp_line (start 1 -0.6) (end 1 0.6) (layer F.Fab) (width 0.1))
    (fp_line (start 1 0.6) (end -1 0.6) (layer F.Fab) (width 0.1))
    (fp_line (start -0.258578 -0.71) (end 0.258578 -0.71) (layer F.SilkS) (width 0.12))
    (fp_line (start -0.258578 0.71) (end 0.258578 0.71) (layer F.SilkS) (width 0.12))
    (fp_line (start -1.68 0.95) (end -1.68 -0.95) (layer F.CrtYd) (width 0.05))
    (fp_line (start -1.68 -0.95) (end 1.68 -0.95) (layer F.CrtYd) (width 0.05))
    (fp_line (start 1.68 -0.95) (end 1.68 0.95) (layer F.CrtYd) (width 0.05))
    (fp_line (start 1.68 0.95) (end -1.68 0.95) (layer F.CrtYd) (width 0.05))
    (fp_text user %R (at 0 0) (layer F.Fab)
      (effects (font (size 0.5 0.5) (thickness 0.08)))
    )
    (pad 1 smd roundrect (at -0.9375 0) (size 0.975 1.4) (layers F.Cu F.Paste F.Mask) (roundrect_rratio 0.25)
      (net 1 +3V3))
    (pad 2 smd roundrect (at 0.9375 0) (size 0.975 1.4) (layers F.Cu F.Paste F.Mask) (roundrect_rratio 0.25)
      (net 2 GNDD))
    (model ${KISYS3DMOD}/Capacitor_SMD.3dshapes/C_0805_2012Metric.wrl
      (at (xyz 0 0 0))
      (scale (xyz 1 1 1))
      (rotate (xyz 0 0 0))
    )
  )

  (module Capacitor_SMD:C_0805_2012Metric (layer F.Cu) (tedit 5B36C52B) (tstamp 5CA16BED)
    (at 131.41 70.65 90)
    (descr "Capacitor SMD 0805 (2012 Metric), square (rectangular) end terminal, IPC_7351 nominal, (Body size source: https://docs.google.com/spreadsheets/d/1BsfQQcO9C6DZCsRaXUlFlo91Tg2WpOkGARC1WS5S8t0/edit?usp=sharing), generated with kicad-footprint-generator")
    (tags capacitor)
    (path /59C71B7A)
    (attr smd)
    (fp_text reference C2 (at 2 0 180) (layer F.SilkS)
      (effects (font (size 0.5 0.5) (thickness 0.15)))
    )
    (fp_text value .1u (at 0 1.65 90) (layer F.Fab)
      (effects (font (size 0.5 0.5) (thickness 0.15)))
    )
    (fp_text user %R (at 0 0 90) (layer F.Fab)
      (effects (font (size 0.5 0.5) (thickness 0.08)))
    )
    (fp_line (start 1.68 0.95) (end -1.68 0.95) (layer F.CrtYd) (width 0.05))
    (fp_line (start 1.68 -0.95) (end 1.68 0.95) (layer F.CrtYd) (width 0.05))
    (fp_line (start -1.68 -0.95) (end 1.68 -0.95) (layer F.CrtYd) (width 0.05))
    (fp_line (start -1.68 0.95) (end -1.68 -0.95) (layer F.CrtYd) (width 0.05))
    (fp_line (start -0.258578 0.71) (end 0.258578 0.71) (layer F.SilkS) (width 0.12))
    (fp_line (start -0.258578 -0.71) (end 0.258578 -0.71) (layer F.SilkS) (width 0.12))
    (fp_line (start 1 0.6) (end -1 0.6) (layer F.Fab) (width 0.1))
    (fp_line (start 1 -0.6) (end 1 0.6) (layer F.Fab) (width 0.1))
    (fp_line (start -1 -0.6) (end 1 -0.6) (layer F.Fab) (width 0.1))
    (fp_line (start -1 0.6) (end -1 -0.6) (layer F.Fab) (width 0.1))
    (pad 2 smd roundrect (at 0.9375 0 90) (size 0.975 1.4) (layers F.Cu F.Paste F.Mask) (roundrect_rratio 0.25)
      (net 1 +3V3))
    (pad 1 smd roundrect (at -0.9375 0 90) (size 0.975 1.4) (layers F.Cu F.Paste F.Mask) (roundrect_rratio 0.25)
      (net 2 GNDD))
    (model ${KISYS3DMOD}/Capacitor_SMD.3dshapes/C_0805_2012Metric.wrl
      (at (xyz 0 0 0))
      (scale (xyz 1 1 1))
      (rotate (xyz 0 0 0))
    )
  )

  (module Capacitor_SMD:C_0805_2012Metric (layer F.Cu) (tedit 5B36C52B) (tstamp 5CA16BFE)
    (at 131.41 66.35 90)
    (descr "Capacitor SMD 0805 (2012 Metric), square (rectangular) end terminal, IPC_7351 nominal, (Body size source: https://docs.google.com/spreadsheets/d/1BsfQQcO9C6DZCsRaXUlFlo91Tg2WpOkGARC1WS5S8t0/edit?usp=sharing), generated with kicad-footprint-generator")
    (tags capacitor)
    (path /59C71BFC)
    (attr smd)
    (fp_text reference C3 (at 2.2 -0.1 180) (layer F.SilkS)
      (effects (font (size 0.5 0.5) (thickness 0.15)))
    )
    (fp_text value .1u (at 0 1.65 90) (layer F.Fab)
      (effects (font (size 0.5 0.5) (thickness 0.15)))
    )
    (fp_line (start -1 0.6) (end -1 -0.6) (layer F.Fab) (width 0.1))
    (fp_line (start -1 -0.6) (end 1 -0.6) (layer F.Fab) (width 0.1))
    (fp_line (start 1 -0.6) (end 1 0.6) (layer F.Fab) (width 0.1))
    (fp_line (start 1 0.6) (end -1 0.6) (layer F.Fab) (width 0.1))
    (fp_line (start -0.258578 -0.71) (end 0.258578 -0.71) (layer F.SilkS) (width 0.12))
    (fp_line (start -0.258578 0.71) (end 0.258578 0.71) (layer F.SilkS) (width 0.12))
    (fp_line (start -1.68 0.95) (end -1.68 -0.95) (layer F.CrtYd) (width 0.05))
    (fp_line (start -1.68 -0.95) (end 1.68 -0.95) (layer F.CrtYd) (width 0.05))
    (fp_line (start 1.68 -0.95) (end 1.68 0.95) (layer F.CrtYd) (width 0.05))
    (fp_line (start 1.68 0.95) (end -1.68 0.95) (layer F.CrtYd) (width 0.05))
    (fp_text user %R (at 0 0 90) (layer F.Fab)
      (effects (font (size 0.5 0.5) (thickness 0.08)))
    )
    (pad 1 smd roundrect (at -0.9375 0 90) (size 0.975 1.4) (layers F.Cu F.Paste F.Mask) (roundrect_rratio 0.25)
      (net 1 +3V3))
    (pad 2 smd roundrect (at 0.9375 0 90) (size 0.975 1.4) (layers F.Cu F.Paste F.Mask) (roundrect_rratio 0.25)
      (net 2 GNDD))
    (model ${KISYS3DMOD}/Capacitor_SMD.3dshapes/C_0805_2012Metric.wrl
      (at (xyz 0 0 0))
      (scale (xyz 1 1 1))
      (rotate (xyz 0 0 0))
    )
  )

  (module Capacitor_SMD:C_0805_2012Metric (layer F.Cu) (tedit 5B36C52B) (tstamp 5CA16C0F)
    (at 131.41 74.85 90)
    (descr "Capacitor SMD 0805 (2012 Metric), square (rectangular) end terminal, IPC_7351 nominal, (Body size source: https://docs.google.com/spreadsheets/d/1BsfQQcO9C6DZCsRaXUlFlo91Tg2WpOkGARC1WS5S8t0/edit?usp=sharing), generated with kicad-footprint-generator")
    (tags capacitor)
    (path /59C71E3D)
    (attr smd)
    (fp_text reference C4 (at 2 -0.1 180) (layer F.SilkS)
      (effects (font (size 0.5 0.5) (thickness 0.15)))
    )
    (fp_text value 10u (at 0 1.65 90) (layer F.Fab)
      (effects (font (size 0.5 0.5) (thickness 0.15)))
    )
    (fp_text user %R (at 0 0 90) (layer F.Fab)
      (effects (font (size 0.5 0.5) (thickness 0.08)))
    )
    (fp_line (start 1.68 0.95) (end -1.68 0.95) (layer F.CrtYd) (width 0.05))
    (fp_line (start 1.68 -0.95) (end 1.68 0.95) (layer F.CrtYd) (width 0.05))
    (fp_line (start -1.68 -0.95) (end 1.68 -0.95) (layer F.CrtYd) (width 0.05))
    (fp_line (start -1.68 0.95) (end -1.68 -0.95) (layer F.CrtYd) (width 0.05))
    (fp_line (start -0.258578 0.71) (end 0.258578 0.71) (layer F.SilkS) (width 0.12))
    (fp_line (start -0.258578 -0.71) (end 0.258578 -0.71) (layer F.SilkS) (width 0.12))
    (fp_line (start 1 0.6) (end -1 0.6) (layer F.Fab) (width 0.1))
    (fp_line (start 1 -0.6) (end 1 0.6) (layer F.Fab) (width 0.1))
    (fp_line (start -1 -0.6) (end 1 -0.6) (layer F.Fab) (width 0.1))
    (fp_line (start -1 0.6) (end -1 -0.6) (layer F.Fab) (width 0.1))
    (pad 2 smd roundrect (at 0.9375 0 90) (size 0.975 1.4) (layers F.Cu F.Paste F.Mask) (roundrect_rratio 0.25)
      (net 2 GNDD))
    (pad 1 smd roundrect (at -0.9375 0 90) (size 0.975 1.4) (layers F.Cu F.Paste F.Mask) (roundrect_rratio 0.25)
      (net 3 "Net-(C4-Pad1)"))
    (model ${KISYS3DMOD}/Capacitor_SMD.3dshapes/C_0805_2012Metric.wrl
      (at (xyz 0 0 0))
      (scale (xyz 1 1 1))
      (rotate (xyz 0 0 0))
    )
  )

  (module Capacitor_SMD:C_0805_2012Metric (layer F.Cu) (tedit 5B36C52B) (tstamp 5CA16C20)
    (at 132.51 78.25)
    (descr "Capacitor SMD 0805 (2012 Metric), square (rectangular) end terminal, IPC_7351 nominal, (Body size source: https://docs.google.com/spreadsheets/d/1BsfQQcO9C6DZCsRaXUlFlo91Tg2WpOkGARC1WS5S8t0/edit?usp=sharing), generated with kicad-footprint-generator")
    (tags capacitor)
    (path /59C71CA1)
    (attr smd)
    (fp_text reference C5 (at -2 -0.1 90) (layer F.SilkS)
      (effects (font (size 0.5 0.5) (thickness 0.15)))
    )
    (fp_text value .1u (at 0 1.65) (layer F.Fab)
      (effects (font (size 0.5 0.5) (thickness 0.15)))
    )
    (fp_text user %R (at 0 0) (layer F.Fab)
      (effects (font (size 0.5 0.5) (thickness 0.08)))
    )
    (fp_line (start 1.68 0.95) (end -1.68 0.95) (layer F.CrtYd) (width 0.05))
    (fp_line (start 1.68 -0.95) (end 1.68 0.95) (layer F.CrtYd) (width 0.05))
    (fp_line (start -1.68 -0.95) (end 1.68 -0.95) (layer F.CrtYd) (width 0.05))
    (fp_line (start -1.68 0.95) (end -1.68 -0.95) (layer F.CrtYd) (width 0.05))
    (fp_line (start -0.258578 0.71) (end 0.258578 0.71) (layer F.SilkS) (width 0.12))
    (fp_line (start -0.258578 -0.71) (end 0.258578 -0.71) (layer F.SilkS) (width 0.12))
    (fp_line (start 1 0.6) (end -1 0.6) (layer F.Fab) (width 0.1))
    (fp_line (start 1 -0.6) (end 1 0.6) (layer F.Fab) (width 0.1))
    (fp_line (start -1 -0.6) (end 1 -0.6) (layer F.Fab) (width 0.1))
    (fp_line (start -1 0.6) (end -1 -0.6) (layer F.Fab) (width 0.1))
    (pad 2 smd roundrect (at 0.9375 0) (size 0.975 1.4) (layers F.Cu F.Paste F.Mask) (roundrect_rratio 0.25)
      (net 2 GNDD))
    (pad 1 smd roundrect (at -0.9375 0) (size 0.975 1.4) (layers F.Cu F.Paste F.Mask) (roundrect_rratio 0.25)
      (net 3 "Net-(C4-Pad1)"))
    (model ${KISYS3DMOD}/Capacitor_SMD.3dshapes/C_0805_2012Metric.wrl
      (at (xyz 0 0 0))
      (scale (xyz 1 1 1))
      (rotate (xyz 0 0 0))
    )
  )

  (module Capacitor_SMD:C_0805_2012Metric (layer F.Cu) (tedit 5B36C52B) (tstamp 5CA16C31)
    (at 148.11 70.75 90)
    (descr "Capacitor SMD 0805 (2012 Metric), square (rectangular) end terminal, IPC_7351 nominal, (Body size source: https://docs.google.com/spreadsheets/d/1BsfQQcO9C6DZCsRaXUlFlo91Tg2WpOkGARC1WS5S8t0/edit?usp=sharing), generated with kicad-footprint-generator")
    (tags capacitor)
    (path /59D4E65E)
    (attr smd)
    (fp_text reference C6 (at 1 -1.2 90) (layer F.SilkS)
      (effects (font (size 0.5 0.5) (thickness 0.15)))
    )
    (fp_text value 20p (at 0 1.65 90) (layer F.Fab)
      (effects (font (size 0.5 0.5) (thickness 0.15)))
    )
    (fp_line (start -1 0.6) (end -1 -0.6) (layer F.Fab) (width 0.1))
    (fp_line (start -1 -0.6) (end 1 -0.6) (layer F.Fab) (width 0.1))
    (fp_line (start 1 -0.6) (end 1 0.6) (layer F.Fab) (width 0.1))
    (fp_line (start 1 0.6) (end -1 0.6) (layer F.Fab) (width 0.1))
    (fp_line (start -0.258578 -0.71) (end 0.258578 -0.71) (layer F.SilkS) (width 0.12))
    (fp_line (start -0.258578 0.71) (end 0.258578 0.71) (layer F.SilkS) (width 0.12))
    (fp_line (start -1.68 0.95) (end -1.68 -0.95) (layer F.CrtYd) (width 0.05))
    (fp_line (start -1.68 -0.95) (end 1.68 -0.95) (layer F.CrtYd) (width 0.05))
    (fp_line (start 1.68 -0.95) (end 1.68 0.95) (layer F.CrtYd) (width 0.05))
    (fp_line (start 1.68 0.95) (end -1.68 0.95) (layer F.CrtYd) (width 0.05))
    (fp_text user %R (at 0 0 90) (layer F.Fab)
      (effects (font (size 0.5 0.5) (thickness 0.08)))
    )
    (pad 1 smd roundrect (at -0.9375 0 90) (size 0.975 1.4) (layers F.Cu F.Paste F.Mask) (roundrect_rratio 0.25)
      (net 2 GNDD))
    (pad 2 smd roundrect (at 0.9375 0 90) (size 0.975 1.4) (layers F.Cu F.Paste F.Mask) (roundrect_rratio 0.25)
      (net 4 CLKOUT_0))
    (model ${KISYS3DMOD}/Capacitor_SMD.3dshapes/C_0805_2012Metric.wrl
      (at (xyz 0 0 0))
      (scale (xyz 1 1 1))
      (rotate (xyz 0 0 0))
    )
  )

  (module Capacitor_SMD:C_0805_2012Metric (layer F.Cu) (tedit 5B36C52B) (tstamp 5C9566A0)
    (at 148.11 67.4875 90)
    (descr "Capacitor SMD 0805 (2012 Metric), square (rectangular) end terminal, IPC_7351 nominal, (Body size source: https://docs.google.com/spreadsheets/d/1BsfQQcO9C6DZCsRaXUlFlo91Tg2WpOkGARC1WS5S8t0/edit?usp=sharing), generated with kicad-footprint-generator")
    (tags capacitor)
    (path /59D4E6D0)
    (attr smd)
    (fp_text reference C7 (at 1.9375 -0.6 180) (layer F.SilkS)
      (effects (font (size 0.5 0.5) (thickness 0.15)))
    )
    (fp_text value 20p (at 0 1.65 90) (layer F.Fab)
      (effects (font (size 0.5 0.5) (thickness 0.15)))
    )
    (fp_text user %R (at 0 0 90) (layer F.Fab)
      (effects (font (size 0.5 0.5) (thickness 0.08)))
    )
    (fp_line (start 1.68 0.95) (end -1.68 0.95) (layer F.CrtYd) (width 0.05))
    (fp_line (start 1.68 -0.95) (end 1.68 0.95) (layer F.CrtYd) (width 0.05))
    (fp_line (start -1.68 -0.95) (end 1.68 -0.95) (layer F.CrtYd) (width 0.05))
    (fp_line (start -1.68 0.95) (end -1.68 -0.95) (layer F.CrtYd) (width 0.05))
    (fp_line (start -0.258578 0.71) (end 0.258578 0.71) (layer F.SilkS) (width 0.12))
    (fp_line (start -0.258578 -0.71) (end 0.258578 -0.71) (layer F.SilkS) (width 0.12))
    (fp_line (start 1 0.6) (end -1 0.6) (layer F.Fab) (width 0.1))
    (fp_line (start 1 -0.6) (end 1 0.6) (layer F.Fab) (width 0.1))
    (fp_line (start -1 -0.6) (end 1 -0.6) (layer F.Fab) (width 0.1))
    (fp_line (start -1 0.6) (end -1 -0.6) (layer F.Fab) (width 0.1))
    (pad 2 smd roundrect (at 0.9375 0 90) (size 0.975 1.4) (layers F.Cu F.Paste F.Mask) (roundrect_rratio 0.25)
      (net 5 CLKIN_0))
    (pad 1 smd roundrect (at -0.9375 0 90) (size 0.975 1.4) (layers F.Cu F.Paste F.Mask) (roundrect_rratio 0.25)
      (net 2 GNDD))
    (model ${KISYS3DMOD}/Capacitor_SMD.3dshapes/C_0805_2012Metric.wrl
      (at (xyz 0 0 0))
      (scale (xyz 1 1 1))
      (rotate (xyz 0 0 0))
    )
  )

  (module Capacitor_SMD:C_0805_2012Metric (layer F.Cu) (tedit 5B36C52B) (tstamp 5CA16C53)
    (at 160.51 77.45 270)
    (descr "Capacitor SMD 0805 (2012 Metric), square (rectangular) end terminal, IPC_7351 nominal, (Body size source: https://docs.google.com/spreadsheets/d/1BsfQQcO9C6DZCsRaXUlFlo91Tg2WpOkGARC1WS5S8t0/edit?usp=sharing), generated with kicad-footprint-generator")
    (tags capacitor)
    (path /59DB8410)
    (attr smd)
    (fp_text reference C8 (at -2 0) (layer F.SilkS)
      (effects (font (size 0.5 0.5) (thickness 0.15)))
    )
    (fp_text value 10u (at 0 1.65 270) (layer F.Fab)
      (effects (font (size 0.5 0.5) (thickness 0.15)))
    )
    (fp_line (start -1 0.6) (end -1 -0.6) (layer F.Fab) (width 0.1))
    (fp_line (start -1 -0.6) (end 1 -0.6) (layer F.Fab) (width 0.1))
    (fp_line (start 1 -0.6) (end 1 0.6) (layer F.Fab) (width 0.1))
    (fp_line (start 1 0.6) (end -1 0.6) (layer F.Fab) (width 0.1))
    (fp_line (start -0.258578 -0.71) (end 0.258578 -0.71) (layer F.SilkS) (width 0.12))
    (fp_line (start -0.258578 0.71) (end 0.258578 0.71) (layer F.SilkS) (width 0.12))
    (fp_line (start -1.68 0.95) (end -1.68 -0.95) (layer F.CrtYd) (width 0.05))
    (fp_line (start -1.68 -0.95) (end 1.68 -0.95) (layer F.CrtYd) (width 0.05))
    (fp_line (start 1.68 -0.95) (end 1.68 0.95) (layer F.CrtYd) (width 0.05))
    (fp_line (start 1.68 0.95) (end -1.68 0.95) (layer F.CrtYd) (width 0.05))
    (fp_text user %R (at 0 0 270) (layer F.Fab)
      (effects (font (size 0.5 0.5) (thickness 0.08)))
    )
    (pad 1 smd roundrect (at -0.9375 0 270) (size 0.975 1.4) (layers F.Cu F.Paste F.Mask) (roundrect_rratio 0.25)
      (net 1 +3V3))
    (pad 2 smd roundrect (at 0.9375 0 270) (size 0.975 1.4) (layers F.Cu F.Paste F.Mask) (roundrect_rratio 0.25)
      (net 2 GNDD))
    (model ${KISYS3DMOD}/Capacitor_SMD.3dshapes/C_0805_2012Metric.wrl
      (at (xyz 0 0 0))
      (scale (xyz 1 1 1))
      (rotate (xyz 0 0 0))
    )
  )

  (module Capacitor_SMD:C_0805_2012Metric (layer F.Cu) (tedit 5B36C52B) (tstamp 5CA16C64)
    (at 160.21 69.35 270)
    (descr "Capacitor SMD 0805 (2012 Metric), square (rectangular) end terminal, IPC_7351 nominal, (Body size source: https://docs.google.com/spreadsheets/d/1BsfQQcO9C6DZCsRaXUlFlo91Tg2WpOkGARC1WS5S8t0/edit?usp=sharing), generated with kicad-footprint-generator")
    (tags capacitor)
    (path /59DB83FE)
    (attr smd)
    (fp_text reference C9 (at -2 0.1) (layer F.SilkS)
      (effects (font (size 0.5 0.5) (thickness 0.15)))
    )
    (fp_text value .1u (at 0 1.65 270) (layer F.Fab)
      (effects (font (size 0.5 0.5) (thickness 0.15)))
    )
    (fp_line (start -1 0.6) (end -1 -0.6) (layer F.Fab) (width 0.1))
    (fp_line (start -1 -0.6) (end 1 -0.6) (layer F.Fab) (width 0.1))
    (fp_line (start 1 -0.6) (end 1 0.6) (layer F.Fab) (width 0.1))
    (fp_line (start 1 0.6) (end -1 0.6) (layer F.Fab) (width 0.1))
    (fp_line (start -0.258578 -0.71) (end 0.258578 -0.71) (layer F.SilkS) (width 0.12))
    (fp_line (start -0.258578 0.71) (end 0.258578 0.71) (layer F.SilkS) (width 0.12))
    (fp_line (start -1.68 0.95) (end -1.68 -0.95) (layer F.CrtYd) (width 0.05))
    (fp_line (start -1.68 -0.95) (end 1.68 -0.95) (layer F.CrtYd) (width 0.05))
    (fp_line (start 1.68 -0.95) (end 1.68 0.95) (layer F.CrtYd) (width 0.05))
    (fp_line (start 1.68 0.95) (end -1.68 0.95) (layer F.CrtYd) (width 0.05))
    (fp_text user %R (at 0 0 270) (layer F.Fab)
      (effects (font (size 0.5 0.5) (thickness 0.08)))
    )
    (pad 1 smd roundrect (at -0.9375 0 270) (size 0.975 1.4) (layers F.Cu F.Paste F.Mask) (roundrect_rratio 0.25)
      (net 2 GNDD))
    (pad 2 smd roundrect (at 0.9375 0 270) (size 0.975 1.4) (layers F.Cu F.Paste F.Mask) (roundrect_rratio 0.25)
      (net 1 +3V3))
    (model ${KISYS3DMOD}/Capacitor_SMD.3dshapes/C_0805_2012Metric.wrl
      (at (xyz 0 0 0))
      (scale (xyz 1 1 1))
      (rotate (xyz 0 0 0))
    )
  )

  (module Capacitor_SMD:C_0805_2012Metric (layer F.Cu) (tedit 5B36C52B) (tstamp 5CA16C75)
    (at 160.41 73.35 90)
    (descr "Capacitor SMD 0805 (2012 Metric), square (rectangular) end terminal, IPC_7351 nominal, (Body size source: https://docs.google.com/spreadsheets/d/1BsfQQcO9C6DZCsRaXUlFlo91Tg2WpOkGARC1WS5S8t0/edit?usp=sharing), generated with kicad-footprint-generator")
    (tags capacitor)
    (path /59DB8404)
    (attr smd)
    (fp_text reference C10 (at 2 -0.1 180) (layer F.SilkS)
      (effects (font (size 0.5 0.5) (thickness 0.15)))
    )
    (fp_text value .1u (at 0 1.65 90) (layer F.Fab)
      (effects (font (size 0.5 0.5) (thickness 0.15)))
    )
    (fp_line (start -1 0.6) (end -1 -0.6) (layer F.Fab) (width 0.1))
    (fp_line (start -1 -0.6) (end 1 -0.6) (layer F.Fab) (width 0.1))
    (fp_line (start 1 -0.6) (end 1 0.6) (layer F.Fab) (width 0.1))
    (fp_line (start 1 0.6) (end -1 0.6) (layer F.Fab) (width 0.1))
    (fp_line (start -0.258578 -0.71) (end 0.258578 -0.71) (layer F.SilkS) (width 0.12))
    (fp_line (start -0.258578 0.71) (end 0.258578 0.71) (layer F.SilkS) (width 0.12))
    (fp_line (start -1.68 0.95) (end -1.68 -0.95) (layer F.CrtYd) (width 0.05))
    (fp_line (start -1.68 -0.95) (end 1.68 -0.95) (layer F.CrtYd) (width 0.05))
    (fp_line (start 1.68 -0.95) (end 1.68 0.95) (layer F.CrtYd) (width 0.05))
    (fp_line (start 1.68 0.95) (end -1.68 0.95) (layer F.CrtYd) (width 0.05))
    (fp_text user %R (at 0 0 90) (layer F.Fab)
      (effects (font (size 0.5 0.5) (thickness 0.08)))
    )
    (pad 1 smd roundrect (at -0.9375 0 90) (size 0.975 1.4) (layers F.Cu F.Paste F.Mask) (roundrect_rratio 0.25)
      (net 1 +3V3))
    (pad 2 smd roundrect (at 0.9375 0 90) (size 0.975 1.4) (layers F.Cu F.Paste F.Mask) (roundrect_rratio 0.25)
      (net 2 GNDD))
    (model ${KISYS3DMOD}/Capacitor_SMD.3dshapes/C_0805_2012Metric.wrl
      (at (xyz 0 0 0))
      (scale (xyz 1 1 1))
      (rotate (xyz 0 0 0))
    )
  )

  (module Capacitor_SMD:C_0805_2012Metric (layer F.Cu) (tedit 5B36C52B) (tstamp 5CA16C86)
    (at 159.71 62.75 90)
    (descr "Capacitor SMD 0805 (2012 Metric), square (rectangular) end terminal, IPC_7351 nominal, (Body size source: https://docs.google.com/spreadsheets/d/1BsfQQcO9C6DZCsRaXUlFlo91Tg2WpOkGARC1WS5S8t0/edit?usp=sharing), generated with kicad-footprint-generator")
    (tags capacitor)
    (path /59DB8416)
    (attr smd)
    (fp_text reference C11 (at 2.2 -0.1 180) (layer F.SilkS)
      (effects (font (size 0.5 0.5) (thickness 0.15)))
    )
    (fp_text value 10u (at 0 1.65 90) (layer F.Fab)
      (effects (font (size 0.5 0.5) (thickness 0.15)))
    )
    (fp_line (start -1 0.6) (end -1 -0.6) (layer F.Fab) (width 0.1))
    (fp_line (start -1 -0.6) (end 1 -0.6) (layer F.Fab) (width 0.1))
    (fp_line (start 1 -0.6) (end 1 0.6) (layer F.Fab) (width 0.1))
    (fp_line (start 1 0.6) (end -1 0.6) (layer F.Fab) (width 0.1))
    (fp_line (start -0.258578 -0.71) (end 0.258578 -0.71) (layer F.SilkS) (width 0.12))
    (fp_line (start -0.258578 0.71) (end 0.258578 0.71) (layer F.SilkS) (width 0.12))
    (fp_line (start -1.68 0.95) (end -1.68 -0.95) (layer F.CrtYd) (width 0.05))
    (fp_line (start -1.68 -0.95) (end 1.68 -0.95) (layer F.CrtYd) (width 0.05))
    (fp_line (start 1.68 -0.95) (end 1.68 0.95) (layer F.CrtYd) (width 0.05))
    (fp_line (start 1.68 0.95) (end -1.68 0.95) (layer F.CrtYd) (width 0.05))
    (fp_text user %R (at 0 0 90) (layer F.Fab)
      (effects (font (size 0.5 0.5) (thickness 0.08)))
    )
    (pad 1 smd roundrect (at -0.9375 0 90) (size 0.975 1.4) (layers F.Cu F.Paste F.Mask) (roundrect_rratio 0.25)
      (net 6 "Net-(C11-Pad1)"))
    (pad 2 smd roundrect (at 0.9375 0 90) (size 0.975 1.4) (layers F.Cu F.Paste F.Mask) (roundrect_rratio 0.25)
      (net 2 GNDD))
    (model ${KISYS3DMOD}/Capacitor_SMD.3dshapes/C_0805_2012Metric.wrl
      (at (xyz 0 0 0))
      (scale (xyz 1 1 1))
      (rotate (xyz 0 0 0))
    )
  )

  (module Capacitor_SMD:C_0805_2012Metric (layer F.Cu) (tedit 5B36C52B) (tstamp 5CA16C97)
    (at 159.21 66.05)
    (descr "Capacitor SMD 0805 (2012 Metric), square (rectangular) end terminal, IPC_7351 nominal, (Body size source: https://docs.google.com/spreadsheets/d/1BsfQQcO9C6DZCsRaXUlFlo91Tg2WpOkGARC1WS5S8t0/edit?usp=sharing), generated with kicad-footprint-generator")
    (tags capacitor)
    (path /59DB840A)
    (attr smd)
    (fp_text reference C12 (at -2.1 0 90) (layer F.SilkS)
      (effects (font (size 0.5 0.5) (thickness 0.15)))
    )
    (fp_text value .1u (at 0 1.65) (layer F.Fab)
      (effects (font (size 0.5 0.5) (thickness 0.15)))
    )
    (fp_line (start -1 0.6) (end -1 -0.6) (layer F.Fab) (width 0.1))
    (fp_line (start -1 -0.6) (end 1 -0.6) (layer F.Fab) (width 0.1))
    (fp_line (start 1 -0.6) (end 1 0.6) (layer F.Fab) (width 0.1))
    (fp_line (start 1 0.6) (end -1 0.6) (layer F.Fab) (width 0.1))
    (fp_line (start -0.258578 -0.71) (end 0.258578 -0.71) (layer F.SilkS) (width 0.12))
    (fp_line (start -0.258578 0.71) (end 0.258578 0.71) (layer F.SilkS) (width 0.12))
    (fp_line (start -1.68 0.95) (end -1.68 -0.95) (layer F.CrtYd) (width 0.05))
    (fp_line (start -1.68 -0.95) (end 1.68 -0.95) (layer F.CrtYd) (width 0.05))
    (fp_line (start 1.68 -0.95) (end 1.68 0.95) (layer F.CrtYd) (width 0.05))
    (fp_line (start 1.68 0.95) (end -1.68 0.95) (layer F.CrtYd) (width 0.05))
    (fp_text user %R (at 0 0) (layer F.Fab)
      (effects (font (size 0.5 0.5) (thickness 0.08)))
    )
    (pad 1 smd roundrect (at -0.9375 0) (size 0.975 1.4) (layers F.Cu F.Paste F.Mask) (roundrect_rratio 0.25)
      (net 6 "Net-(C11-Pad1)"))
    (pad 2 smd roundrect (at 0.9375 0) (size 0.975 1.4) (layers F.Cu F.Paste F.Mask) (roundrect_rratio 0.25)
      (net 2 GNDD))
    (model ${KISYS3DMOD}/Capacitor_SMD.3dshapes/C_0805_2012Metric.wrl
      (at (xyz 0 0 0))
      (scale (xyz 1 1 1))
      (rotate (xyz 0 0 0))
    )
  )

  (module Capacitor_SMD:C_0805_2012Metric (layer F.Cu) (tedit 5B36C52B) (tstamp 5CA16CA8)
    (at 148.01 74.85 90)
    (descr "Capacitor SMD 0805 (2012 Metric), square (rectangular) end terminal, IPC_7351 nominal, (Body size source: https://docs.google.com/spreadsheets/d/1BsfQQcO9C6DZCsRaXUlFlo91Tg2WpOkGARC1WS5S8t0/edit?usp=sharing), generated with kicad-footprint-generator")
    (tags capacitor)
    (path /59DB826C)
    (attr smd)
    (fp_text reference C13 (at 2.1 -0.1 180) (layer F.SilkS)
      (effects (font (size 0.5 0.5) (thickness 0.15)))
    )
    (fp_text value 20p (at 0 1.65 90) (layer F.Fab)
      (effects (font (size 0.5 0.5) (thickness 0.15)))
    )
    (fp_line (start -1 0.6) (end -1 -0.6) (layer F.Fab) (width 0.1))
    (fp_line (start -1 -0.6) (end 1 -0.6) (layer F.Fab) (width 0.1))
    (fp_line (start 1 -0.6) (end 1 0.6) (layer F.Fab) (width 0.1))
    (fp_line (start 1 0.6) (end -1 0.6) (layer F.Fab) (width 0.1))
    (fp_line (start -0.258578 -0.71) (end 0.258578 -0.71) (layer F.SilkS) (width 0.12))
    (fp_line (start -0.258578 0.71) (end 0.258578 0.71) (layer F.SilkS) (width 0.12))
    (fp_line (start -1.68 0.95) (end -1.68 -0.95) (layer F.CrtYd) (width 0.05))
    (fp_line (start -1.68 -0.95) (end 1.68 -0.95) (layer F.CrtYd) (width 0.05))
    (fp_line (start 1.68 -0.95) (end 1.68 0.95) (layer F.CrtYd) (width 0.05))
    (fp_line (start 1.68 0.95) (end -1.68 0.95) (layer F.CrtYd) (width 0.05))
    (fp_text user %R (at 0 0 90) (layer F.Fab)
      (effects (font (size 0.5 0.5) (thickness 0.08)))
    )
    (pad 1 smd roundrect (at -0.9375 0 90) (size 0.975 1.4) (layers F.Cu F.Paste F.Mask) (roundrect_rratio 0.25)
      (net 2 GNDD))
    (pad 2 smd roundrect (at 0.9375 0 90) (size 0.975 1.4) (layers F.Cu F.Paste F.Mask) (roundrect_rratio 0.25)
      (net 7 CLKOUT_1))
    (model ${KISYS3DMOD}/Capacitor_SMD.3dshapes/C_0805_2012Metric.wrl
      (at (xyz 0 0 0))
      (scale (xyz 1 1 1))
      (rotate (xyz 0 0 0))
    )
  )

  (module Capacitor_SMD:C_0805_2012Metric (layer F.Cu) (tedit 5B36C52B) (tstamp 5CA16CB9)
    (at 148.41 78.45 180)
    (descr "Capacitor SMD 0805 (2012 Metric), square (rectangular) end terminal, IPC_7351 nominal, (Body size source: https://docs.google.com/spreadsheets/d/1BsfQQcO9C6DZCsRaXUlFlo91Tg2WpOkGARC1WS5S8t0/edit?usp=sharing), generated with kicad-footprint-generator")
    (tags capacitor)
    (path /59DB8272)
    (attr smd)
    (fp_text reference C14 (at 2.1 -0.1 270) (layer F.SilkS)
      (effects (font (size 0.5 0.5) (thickness 0.15)))
    )
    (fp_text value 20p (at 0 1.65 180) (layer F.Fab)
      (effects (font (size 0.5 0.5) (thickness 0.15)))
    )
    (fp_text user %R (at 0 0 180) (layer F.Fab)
      (effects (font (size 0.5 0.5) (thickness 0.08)))
    )
    (fp_line (start 1.68 0.95) (end -1.68 0.95) (layer F.CrtYd) (width 0.05))
    (fp_line (start 1.68 -0.95) (end 1.68 0.95) (layer F.CrtYd) (width 0.05))
    (fp_line (start -1.68 -0.95) (end 1.68 -0.95) (layer F.CrtYd) (width 0.05))
    (fp_line (start -1.68 0.95) (end -1.68 -0.95) (layer F.CrtYd) (width 0.05))
    (fp_line (start -0.258578 0.71) (end 0.258578 0.71) (layer F.SilkS) (width 0.12))
    (fp_line (start -0.258578 -0.71) (end 0.258578 -0.71) (layer F.SilkS) (width 0.12))
    (fp_line (start 1 0.6) (end -1 0.6) (layer F.Fab) (width 0.1))
    (fp_line (start 1 -0.6) (end 1 0.6) (layer F.Fab) (width 0.1))
    (fp_line (start -1 -0.6) (end 1 -0.6) (layer F.Fab) (width 0.1))
    (fp_line (start -1 0.6) (end -1 -0.6) (layer F.Fab) (width 0.1))
    (pad 2 smd roundrect (at 0.9375 0 180) (size 0.975 1.4) (layers F.Cu F.Paste F.Mask) (roundrect_rratio 0.25)
      (net 8 CLKIN_1))
    (pad 1 smd roundrect (at -0.9375 0 180) (size 0.975 1.4) (layers F.Cu F.Paste F.Mask) (roundrect_rratio 0.25)
      (net 2 GNDD))
    (model ${KISYS3DMOD}/Capacitor_SMD.3dshapes/C_0805_2012Metric.wrl
      (at (xyz 0 0 0))
      (scale (xyz 1 1 1))
      (rotate (xyz 0 0 0))
    )
  )

  (module Capacitor_SMD:C_0805_2012Metric (layer F.Cu) (tedit 5B36C52B) (tstamp 5CA16CCA)
    (at 154.61 65.25 180)
